100 
88 12 
83 17 
61 39 
92 8 
92 8 
70 30 
71 15 14 
62 20 18 
44 43 13 
44 43 13 
40 37 23 
63 37 
99 
79 19 
97 
97 
97 
93 
93 
83 
76 
76 
75 
72 
69 
67 
66 
62 
61 
51 
50 


52 48 
59 41 
56 34 10 
71 29 
92 8 
46 39 15 
81 19 
82 18 
84 10 6 
87 13 
89 11 
73 21 6 
36 34 30 
67 26 7 
57 35 8 
47 38 15 
82 9 6 3 
67 20 10 
75 
63 
49 

52 48 
59 41 
89 11 
87 13 
71 29 
82 18 
81 19 
92 8 
84 9 7 
67 30 3 
57 35 8 
73 21 6 
56 38 6 
75 15 10 
49 36 15 
46 34 20 
67 26 6 
63 34 
47 39 10 
82 10 

